0 0.378906 0.515625 0.007812 0.007812
0 0.443359 0.426758 0.007812 0.009766
0 0.617188 0.044922 0.007812 0.007812
0 0.664062 0.452148 0.007812 0.005859
0 0.663086 0.476562 0.009766 0.007812
0 0.686523 0.503906 0.009766 0.007812
0 0.665039 0.503906 0.005859 0.007812
0 0.646484 0.499023 0.007812 0.005859
0 0.630859 0.501953 0.007812 0.007812
0 0.623047 0.507812 0.007812 0.007812
0 0.615234 0.519531 0.007812 0.011719
0 0.625977 0.519531 0.005859 0.007812
0 0.622070 0.529297 0.005859 0.007812
0 0.624023 0.538086 0.005859 0.005859
0 0.645508 0.528320 0.005859 0.005859
0 0.657227 0.528320 0.005859 0.005859
0 0.648438 0.537109 0.007812 0.007812
0 0.649414 0.509766 0.005859 0.007812
